(kicad_pcb (version 20171130) (host pcbnew 5.1.6-c6e7f7d~87~ubuntu18.04.1)

  (general
    (thickness 1.6)
    (drawings 180)
    (tracks 1455)
    (zones 0)
    (modules 76)
    (nets 68)
  )

  (page A4)
  (title_block
    (title ESP32-S2-DevKit-USB)
    (date 2020-11-11)
    (rev B)
    (company "OLIMEX LTD")
    (comment 1 https://www.olimex.com)
  )

  (layers
    (0 F.Cu mixed)
    (31 B.Cu mixed)
    (32 B.Adhes user hide)
    (33 F.Adhes user hide)
    (34 B.Paste user hide)
    (35 F.Paste user hide)
    (36 B.SilkS user hide)
    (37 F.SilkS user)
    (38 B.Mask user hide)
    (39 F.Mask user)
    (40 Dwgs.User user hide)
    (41 Cmts.User user hide)
    (42 Eco1.User user hide)
    (43 Eco2.User user)
    (44 Edge.Cuts user)
    (45 Margin user hide)
    (46 B.CrtYd user hide)
    (47 F.CrtYd user hide)
    (48 B.Fab user hide)
    (49 F.Fab user hide)
  )

  (setup
    (last_trace_width 0.2032)
    (user_trace_width 0.254)
    (user_trace_width 0.3048)
    (user_trace_width 0.3556)
    (user_trace_width 0.4064)
    (user_trace_width 0.508)
    (user_trace_width 0.762)
    (user_trace_width 1.016)
    (user_trace_width 1.27)
    (user_trace_width 1.524)
    (trace_clearance 0.2032)
    (zone_clearance 0.254)
    (zone_45_only no)
    (trace_min 0.2032)
    (via_size 0.7)
    (via_drill 0.4)
    (via_min_size 0.7)
    (via_min_drill 0.4)
    (user_via 1 0.6)
    (uvia_size 0.7)
    (uvia_drill 0.4)
    (uvias_allowed no)
    (uvia_min_size 0)
    (uvia_min_drill 0)
    (edge_width 0.254)
    (segment_width 0.254)
    (pcb_text_width 0.3)
    (pcb_text_size 1.5 1.5)
    (mod_edge_width 0.254)
    (mod_text_size 1 1)
    (mod_text_width 0.15)
    (pad_size 6.3 6.3)
    (pad_drill 3.3)
    (pad_to_mask_clearance 0.0508)
    (aux_axis_origin 129.54 119.38)
    (visible_elements 7FFDFE7F)
    (pcbplotparams
      (layerselection 0x00020_7fffffff)
      (usegerberextensions false)
      (usegerberattributes false)
      (usegerberadvancedattributes false)
      (creategerberjobfile false)
      (excludeedgelayer true)
      (linewidth 0.100000)
      (plotframeref false)
      (viasonmask false)
      (mode 1)
      (useauxorigin false)
      (hpglpennumber 1)
      (hpglpenspeed 20)
      (hpglpendiameter 15.000000)
      (psnegative false)
      (psa4output false)
      (plotreference true)
      (plotvalue false)
      (plotinvisibletext false)
      (padsonsilk false)
      (subtractmaskfromsilk false)
      (outputformat 1)
      (mirror false)
      (drillshape 0)
      (scaleselection 1)
      (outputdirectory "Gerbers/"))
  )

  (net 0 "")
  (net 1 +5V)
  (net 2 GND)
  (net 3 +3V3)
  (net 4 /+5V_USB)
  (net 5 /GPIO13)
  (net 6 /GPIO12)
  (net 7 /GPIO14)
  (net 8 /GPIO26)
  (net 9 /GPIO33)
  (net 10 /GPIO5)
  (net 11 /GPIO17)
  (net 12 /GPIO4)
  (net 13 /GPIO2)
  (net 14 "Net-(FID2-PadFid1)")
  (net 15 "Net-(FID3-PadFid1)")
  (net 16 VBAT)
  (net 17 "Net-(BAT_SENS_E1-Pad1)")
  (net 18 "Net-(PWR_SENS_E1-Pad1)")
  (net 19 /GPIO8\BAT_SENS)
  (net 20 /GPIO0\BUT)
  (net 21 /ESP_EN\CHIP_PU)
  (net 22 /GPIO15\XTAL_32K_P)
  (net 23 /GPIO16\XTAL_32K_N)
  (net 24 /GPIO44\U0RXD)
  (net 25 /GPIO43\U0TXD)
  (net 26 /GPIO11)
  (net 27 /GPIO9)
  (net 28 /GPIO10)
  (net 29 /GPIO7\PWR_SENS)
  (net 30 /GPIO6)
  (net 31 /GPIO3)
  (net 32 /GPIO1)
  (net 33 /GPIO18\RGB_LED)
  (net 34 /GPIO45\USB-DRV)
  (net 35 /GPIO41)
  (net 36 /GPIO40)
  (net 37 /GPIO39)
  (net 38 /GPIO37)
  (net 39 /GPIO38)
  (net 40 /GPIO36)
  (net 41 /GPIO35)
  (net 42 /GPIO34)
  (net 43 /USB-ID)
  (net 44 /USB_D-)
  (net 45 /USB_D+)
  (net 46 "Net-(RGB-LED1-Pad1)")
  (net 47 "Net-(RGB-LED1-Pad4)")
  (net 48 "Net-(R5-Pad2)")
  (net 49 "Net-(R6-Pad1)")
  (net 50 "Net-(R11-Pad2)")
  (net 51 "Net-(CHARG1-Pad1)")
  (net 52 "Net-(R24-Pad2)")
  (net 53 /Vin)
  (net 54 "Net-(C18-Pad2)")
  (net 55 "Net-(D6-Pad2)")
  (net 56 "Net-(D3-Pad2)")
  (net 57 "Net-(R3-Pad2)")
  (net 58 "Net-(U2-Pad6)")
  (net 59 /GPI46)
  (net 60 /GPIO42\USB-VBUS_DET)
  (net 61 /5V_USB_HOST)
  (net 62 "Net-(D1-Pad2)")
  (net 63 /GPIO21\USB-ID)
  (net 64 "Net-(FET2-Pad3)")
  (net 65 /USB-DRV-E)
  (net 66 "Net-(D4-Pad1)")
  (net 67 "Net-(3.3V_E1-Pad1)")

  (net_class Default "This is the default net class."
    (clearance 0.2032)
    (trace_width 0.2032)
    (via_dia 0.7)
    (via_drill 0.4)
    (uvia_dia 0.7)
    (uvia_drill 0.4)
    (diff_pair_width 0.2032)
    (diff_pair_gap 0.25)
    (add_net +3V3)
    (add_net +5V)
    (add_net /+5V_USB)
    (add_net /5V_USB_HOST)
    (add_net /ESP_EN\CHIP_PU)
    (add_net /GPI46)
    (add_net /GPIO0\BUT)
    (add_net /GPIO1)
    (add_net /GPIO10)
    (add_net /GPIO11)
    (add_net /GPIO12)
    (add_net /GPIO13)
    (add_net /GPIO14)
    (add_net /GPIO15\XTAL_32K_P)
    (add_net /GPIO16\XTAL_32K_N)
    (add_net /GPIO17)
    (add_net /GPIO18\RGB_LED)
    (add_net /GPIO2)
    (add_net /GPIO21\USB-ID)
    (add_net /GPIO26)
    (add_net /GPIO3)
    (add_net /GPIO33)
    (add_net /GPIO34)
    (add_net /GPIO35)
    (add_net /GPIO36)
    (add_net /GPIO37)
    (add_net /GPIO38)
    (add_net /GPIO39)
    (add_net /GPIO4)
    (add_net /GPIO40)
    (add_net /GPIO41)
    (add_net /GPIO42\USB-VBUS_DET)
    (add_net /GPIO43\U0TXD)
    (add_net /GPIO44\U0RXD)
    (add_net /GPIO45\USB-DRV)
    (add_net /GPIO5)
    (add_net /GPIO6)
    (add_net /GPIO7\PWR_SENS)
    (add_net /GPIO8\BAT_SENS)
    (add_net /GPIO9)
    (add_net /USB-DRV-E)
    (add_net /USB-ID)
    (add_net /Vin)
    (add_net GND)
    (add_net "Net-(3.3V_E1-Pad1)")
    (add_net "Net-(BAT_SENS_E1-Pad1)")
    (add_net "Net-(C18-Pad2)")
    (add_net "Net-(CHARG1-Pad1)")
    (add_net "Net-(D1-Pad2)")
    (add_net "Net-(D3-Pad2)")
    (add_net "Net-(D4-Pad1)")
    (add_net "Net-(D6-Pad2)")
    (add_net "Net-(FET2-Pad3)")
    (add_net "Net-(FID2-PadFid1)")
    (add_net "Net-(FID3-PadFid1)")
    (add_net "Net-(PWR_SENS_E1-Pad1)")
    (add_net "Net-(R11-Pad2)")
    (add_net "Net-(R24-Pad2)")
    (add_net "Net-(R3-Pad2)")
    (add_net "Net-(R5-Pad2)")
    (add_net "Net-(R6-Pad1)")
    (add_net "Net-(RGB-LED1-Pad1)")
    (add_net "Net-(RGB-LED1-Pad4)")
    (add_net "Net-(U2-Pad6)")
    (add_net VBAT)
  )

  (net_class 4LayresPCB_USB_Zdiff=90OHm ""
    (clearance 0.254)
    (trace_width 0.2032)
    (via_dia 0.7)
    (via_drill 0.4)
    (uvia_dia 0.7)
    (uvia_drill 0.4)
    (diff_pair_width 0.2032)
    (diff_pair_gap 0.254)
    (add_net /USB_D+)
    (add_net /USB_D-)
  )

  (module OLIMEX_Diodes-FP:SOD-123_1C-2A_KA (layer F.Cu) (tedit 5D26C633) (tstamp 5F2178B6)
    (at 153.8605 107.1245 270)
    (path /581010C5)
    (attr smd)
    (fp_text reference D2 (at -2.9845 -0.1905 90) (layer F.SilkS)
      (effects (font (size 0.508 0.508) (thickness 0.127)))
    )
    (fp_text value 1N5819S4/SOD123 (at 0 2.54 90) (layer F.Fab)
      (effects (font (size 1.27 1.27) (thickness 0.254)))
    )
    (fp_line (start 2.8321 -1.0033) (end 2.8321 1.016) (layer Dwgs.User) (width 0.254))
    (fp_line (start 2.8321 1.016) (end 1.4605 1.016) (layer Dwgs.User) (width 0.254))
    (fp_line (start 2.8321 -1.0033) (end 1.4605 -1.0033) (layer Dwgs.User) (width 0.254))
    (fp_line (start -2.8194 -0.9906) (end -2.8194 1.0033) (layer Dwgs.User) (width 0.254))
    (fp_line (start -2.794 1.016) (end -1.4986 1.016) (layer Dwgs.User) (width 0.254))
    (fp_line (start -2.8067 -0.9906) (end -1.5113 -0.9906) (layer Dwgs.User) (width 0.254))
    (fp_line (start 1.2446 -0.0127) (end -1.2319 -0.0127) (layer F.SilkS) (width 0.254))
    (fp_line (start 0.6604 0.9398) (end -0.7112 0.0254) (layer F.SilkS) (width 0.254))
    (fp_line (start -0.7112 0.0254) (end 0.6604 -0.9652) (layer F.SilkS) (width 0.254))
    (fp_line (start -0.7112 0.9398) (end -0.7112 -0.9652) (layer F.SilkS) (width 0.254))
    (fp_line (start 0.6604 0.9398) (end 0.6604 -0.9652) (layer F.SilkS) (width 0.254))
    (fp_line (start -0.889 0.9398) (end -0.889 -0.9652) (layer F.SilkS) (width 0.254))
    (fp_line (start -0.7112 -0.9652) (end -0.889 -0.9652) (layer F.SilkS) (width 0.254))
    (fp_line (start -0.7112 0.9398) (end -0.889 0.9398) (layer F.SilkS) (width 0.254))
    (fp_line (start 0.508 -0.762) (end 0.508 0.762) (layer F.SilkS) (width 0.254))
    (fp_line (start 0.381 0.635) (end 0.381 -0.635) (layer F.SilkS) (width 0.254))
    (fp_line (start 0.254 -0.508) (end 0.254 0.635) (layer F.SilkS) (width 0.254))
    (fp_line (start 0.127 0.381) (end 0.127 -0.508) (layer F.SilkS) (width 0.254))
    (fp_line (start 0 0.381) (end 0 -0.381) (layer F.SilkS) (width 0.254))
    (fp_line (start -0.127 0.254) (end -0.127 -0.381) (layer F.SilkS) (width 0.254))
    (fp_line (start -0.254 0.127) (end -0.254 -0.254) (layer F.SilkS) (width 0.254))
    (pad 2 smd rect (at 1.9 0 270) (size 1 1.4) (layers F.Cu F.Paste F.Mask)
      (net 1 +5V) (solder_mask_margin 0.0508) (clearance 0.0508))
    (pad 1 smd rect (at -1.9 0 270) (size 1 1.4) (layers F.Cu F.Paste F.Mask)
      (net 53 /Vin) (solder_mask_margin 0.0508) (clearance 0.0508))
    (model ${KIPRJMOD}/3d/SOD123.step
      (at (xyz 0 0 0))
      (scale (xyz 1 1 1))
      (rotate (xyz -90 0 -180))
    )
  )

  (module OLIMEX_Diodes-FP:SOD-123_1C-2A_KA (layer F.Cu) (tedit 5D26C633) (tstamp 5FA90D2B)
    (at 143.51 108.204 180)
    (path /5F90EBBC)
    (attr smd)
    (fp_text reference D3 (at -0.635 -1.651 180) (layer F.SilkS)
      (effects (font (size 0.635 0.635) (thickness 0.15875)))
    )
    (fp_text value 1N5819S4/SOD123 (at 0 2.54 180) (layer F.Fab)
      (effects (font (size 1.27 1.27) (thickness 0.254)))
    )
    (fp_line (start 2.8321 -1.0033) (end 2.8321 1.016) (layer Dwgs.User) (width 0.254))
    (fp_line (start 2.8321 1.016) (end 1.4605 1.016) (layer Dwgs.User) (width 0.254))
    (fp_line (start 2.8321 -1.0033) (end 1.4605 -1.0033) (layer Dwgs.User) (width 0.254))
    (fp_line (start -2.8194 -0.9906) (end -2.8194 1.0033) (layer Dwgs.User) (width 0.254))
    (fp_line (start -2.794 1.016) (end -1.4986 1.016) (layer Dwgs.User) (width 0.254))
    (fp_line (start -2.8067 -0.9906) (end -1.5113 -0.9906) (layer Dwgs.User) (width 0.254))
    (fp_line (start 1.2446 -0.0127) (end -1.2319 -0.0127) (layer F.SilkS) (width 0.254))
    (fp_line (start 0.6604 0.9398) (end -0.7112 0.0254) (layer F.SilkS) (width 0.254))
    (fp_line (start -0.7112 0.0254) (end 0.6604 -0.9652) (layer F.SilkS) (width 0.254))
    (fp_line (start -0.7112 0.9398) (end -0.7112 -0.9652) (layer F.SilkS) (width 0.254))
    (fp_line (start 0.6604 0.9398) (end 0.6604 -0.9652) (layer F.SilkS) (width 0.254))
    (fp_line (start -0.889 0.9398) (end -0.889 -0.9652) (layer F.SilkS) (width 0.254))
    (fp_line (start -0.7112 -0.9652) (end -0.889 -0.9652) (layer F.SilkS) (width 0.254))
    (fp_line (start -0.7112 0.9398) (end -0.889 0.9398) (layer F.SilkS) (width 0.254))
    (fp_line (start 0.508 -0.762) (end 0.508 0.762) (layer F.SilkS) (width 0.254))
    (fp_line (start 0.381 0.635) (end 0.381 -0.635) (layer F.SilkS) (width 0.254))
    (fp_line (start 0.254 -0.508) (end 0.254 0.635) (layer F.SilkS) (width 0.254))
    (fp_line (start 0.127 0.381) (end 0.127 -0.508) (layer F.SilkS) (width 0.254))
    (fp_line (start 0 0.381) (end 0 -0.381) (layer F.SilkS) (width 0.254))
    (fp_line (start -0.127 0.254) (end -0.127 -0.381) (layer F.SilkS) (width 0.254))
    (fp_line (start -0.254 0.127) (end -0.254 -0.254) (layer F.SilkS) (width 0.254))
    (pad 1 smd rect (at -1.9 0 180) (size 1 1.4) (layers F.Cu F.Paste F.Mask)
      (net 61 /5V_USB_HOST) (solder_mask_margin 0.0508) (clearance 0.0508))
    (pad 2 smd rect (at 1.9 0 180) (size 1 1.4) (layers F.Cu F.Paste F.Mask)
      (net 56 "Net-(D3-Pad2)") (solder_mask_margin 0.0508) (clearance 0.0508))
    (model ${KIPRJMOD}/3d/SOD123.step
      (at (xyz 0 0 0))
      (scale (xyz 1 1 1))
      (rotate (xyz -90 0 -180))
    )
  )

  (module OLIMEX_Diodes-FP:SOD-123_1C-2A_KA (layer F.Cu) (tedit 5D26C633) (tstamp 5F2171BE)
    (at 148.336 103.505 270)
    (path /5F20586B)
    (attr smd)
    (fp_text reference D5 (at -3.175 -0.635 90) (layer F.SilkS)
      (effects (font (size 0.635 0.635) (thickness 0.15875)))
    )
    (fp_text value 1N4148W/SOD123 (at 0 2.54 270) (layer F.Fab)
      (effects (font (size 1.27 1.27) (thickness 0.254)))
    )
    (fp_line (start -0.254 0.127) (end -0.254 -0.254) (layer F.SilkS) (width 0.254))
    (fp_line (start -0.127 0.254) (end -0.127 -0.381) (layer F.SilkS) (width 0.254))
    (fp_line (start 0 0.381) (end 0 -0.381) (layer F.SilkS) (width 0.254))
    (fp_line (start 0.127 0.381) (end 0.127 -0.508) (layer F.SilkS) (width 0.254))
    (fp_line (start 0.254 -0.508) (end 0.254 0.635) (layer F.SilkS) (width 0.254))
    (fp_line (start 0.381 0.635) (end 0.381 -0.635) (layer F.SilkS) (width 0.254))
    (fp_line (start 0.508 -0.762) (end 0.508 0.762) (layer F.SilkS) (width 0.254))
    (fp_line (start -0.7112 0.9398) (end -0.889 0.9398) (layer F.SilkS) (width 0.254))
    (fp_line (start -0.7112 -0.9652) (end -0.889 -0.9652) (layer F.SilkS) (width 0.254))
    (fp_line (start -0.889 0.9398) (end -0.889 -0.9652) (layer F.SilkS) (width 0.254))
    (fp_line (start 0.6604 0.9398) (end 0.6604 -0.9652) (layer F.SilkS) (width 0.254))
    (fp_line (start -0.7112 0.9398) (end -0.7112 -0.9652) (layer F.SilkS) (width 0.254))
    (fp_line (start -0.7112 0.0254) (end 0.6604 -0.9652) (layer F.SilkS) (width 0.254))
    (fp_line (start 0.6604 0.9398) (end -0.7112 0.0254) (layer F.SilkS) (width 0.254))
    (fp_line (start 1.2446 -0.0127) (end -1.2319 -0.0127) (layer F.SilkS) (width 0.254))
    (fp_line (start -2.8067 -0.9906) (end -1.5113 -0.9906) (layer Dwgs.User) (width 0.254))
    (fp_line (start -2.794 1.016) (end -1.4986 1.016) (layer Dwgs.User) (width 0.254))
    (fp_line (start -2.8194 -0.9906) (end -2.8194 1.0033) (layer Dwgs.User) (width 0.254))
    (fp_line (start 2.8321 -1.0033) (end 1.4605 -1.0033) (layer Dwgs.User) (width 0.254))
    (fp_line (start 2.8321 1.016) (end 1.4605 1.016) (layer Dwgs.User) (width 0.254))
    (fp_line (start 2.8321 -1.0033) (end 2.8321 1.016) (layer Dwgs.User) (width 0.254))
    (pad 2 smd rect (at 1.9 0 270) (size 1 1.4) (layers F.Cu F.Paste F.Mask)
      (net 1 +5V) (solder_mask_margin 0.0508) (clearance 0.0508))
    (pad 1 smd rect (at -1.9 0 270) (size 1 1.4) (layers F.Cu F.Paste F.Mask)
      (net 54 "Net-(C18-Pad2)") (solder_mask_margin 0.0508) (clearance 0.0508))
    (model ${KIPRJMOD}/3d/SOD123.step
      (at (xyz 0 0 0))
      (scale (xyz 1 1 1))
      (rotate (xyz -90 0 -180))
    )
  )

  (module OLIMEX_Diodes-FP:SOD-123_1C-2A_KA (layer F.Cu) (tedit 5D26C633) (tstamp 5FA910E4)
    (at 140.081 99.695 270)
    (path /5F2024BE)
    (attr smd)
    (fp_text reference D6 (at -2.794 0) (layer F.SilkS)
      (effects (font (size 0.508 0.508) (thickness 0.127)))
    )
    (fp_text value 1N5819S4/SOD123 (at 0 2.54 270) (layer F.Fab)
      (effects (font (size 1.27 1.27) (thickness 0.254)))
    )
    (fp_line (start -0.254 0.127) (end -0.254 -0.254) (layer F.SilkS) (width 0.254))
    (fp_line (start -0.127 0.254) (end -0.127 -0.381) (layer F.SilkS) (width 0.254))
    (fp_line (start 0 0.381) (end 0 -0.381) (layer F.SilkS) (width 0.254))
    (fp_line (start 0.127 0.381) (end 0.127 -0.508) (layer F.SilkS) (width 0.254))
    (fp_line (start 0.254 -0.508) (end 0.254 0.635) (layer F.SilkS) (width 0.254))
    (fp_line (start 0.381 0.635) (end 0.381 -0.635) (layer F.SilkS) (width 0.254))
    (fp_line (start 0.508 -0.762) (end 0.508 0.762) (layer F.SilkS) (width 0.254))
    (fp_line (start -0.7112 0.9398) (end -0.889 0.9398) (layer F.SilkS) (width 0.254))
    (fp_line (start -0.7112 -0.9652) (end -0.889 -0.9652) (layer F.SilkS) (width 0.254))
    (fp_line (start -0.889 0.9398) (end -0.889 -0.9652) (layer F.SilkS) (width 0.254))
    (fp_line (start 0.6604 0.9398) (end 0.6604 -0.9652) (layer F.SilkS) (width 0.254))
    (fp_line (start -0.7112 0.9398) (end -0.7112 -0.9652) (layer F.SilkS) (width 0.254))
    (fp_line (start -0.7112 0.0254) (end 0.6604 -0.9652) (layer F.SilkS) (width 0.254))
    (fp_line (start 0.6604 0.9398) (end -0.7112 0.0254) (layer F.SilkS) (width 0.254))
    (fp_line (start 1.2446 -0.0127) (end -1.2319 -0.0127) (layer F.SilkS) (width 0.254))
    (fp_line (start -2.8067 -0.9906) (end -1.5113 -0.9906) (layer Dwgs.User) (width 0.254))
    (fp_line (start -2.794 1.016) (end -1.4986 1.016) (layer Dwgs.User) (width 0.254))
    (fp_line (start -2.8194 -0.9906) (end -2.8194 1.0033) (layer Dwgs.User) (width 0.254))
    (fp_line (start 2.8321 -1.0033) (end 1.4605 -1.0033) (layer Dwgs.User) (width 0.254))
    (fp_line (start 2.8321 1.016) (end 1.4605 1.016) (layer Dwgs.User) (width 0.254))
    (fp_line (start 2.8321 -1.0033) (end 2.8321 1.016) (layer Dwgs.User) (width 0.254))
    (pad 2 smd rect (at 1.9 0 270) (size 1 1.4) (layers F.Cu F.Paste F.Mask)
      (net 55 "Net-(D6-Pad2)") (solder_mask_margin 0.0508) (clearance 0.0508))
    (pad 1 smd rect (at -1.9 0 270) (size 1 1.4) (layers F.Cu F.Paste F.Mask)
      (net 54 "Net-(C18-Pad2)") (solder_mask_margin 0.0508) (clearance 0.0508))
    (model ${KIPRJMOD}/3d/SOD123.step
      (at (xyz 0 0 0))
      (scale (xyz 1 1 1))
      (rotate (xyz -90 0 -180))
    )
  )

  (module OLIMEX_Diodes-FP:SOD-123_1C-2A_KA (layer F.Cu) (tedit 5D26C633) (tstamp 5F217F55)
    (at 137.541 114.173 90)
    (path /5CB7DF70)
    (attr smd)
    (fp_text reference D1 (at -2.921 0 180) (layer F.SilkS)
      (effects (font (size 0.635 0.635) (thickness 0.15875)))
    )
    (fp_text value 1N5819S4/SOD123 (at 0 2.54 90) (layer F.Fab)
      (effects (font (size 1.27 1.27) (thickness 0.254)))
    )
    (fp_line (start 2.8321 -1.0033) (end 2.8321 1.016) (layer Dwgs.User) (width 0.254))
    (fp_line (start 2.8321 1.016) (end 1.4605 1.016) (layer Dwgs.User) (width 0.254))
    (fp_line (start 2.8321 -1.0033) (end 1.4605 -1.0033) (layer Dwgs.User) (width 0.254))
    (fp_line (start -2.8194 -0.9906) (end -2.8194 1.0033) (layer Dwgs.User) (width 0.254))
    (fp_line (start -2.794 1.016) (end -1.4986 1.016) (layer Dwgs.User) (width 0.254))
    (fp_line (start -2.8067 -0.9906) (end -1.5113 -0.9906) (layer Dwgs.User) (width 0.254))
    (fp_line (start 1.2446 -0.0127) (end -1.2319 -0.0127) (layer F.SilkS) (width 0.254))
    (fp_line (start 0.6604 0.9398) (end -0.7112 0.0254) (layer F.SilkS) (width 0.254))
    (fp_line (start -0.7112 0.0254) (end 0.6604 -0.9652) (layer F.SilkS) (width 0.254))
    (fp_line (start -0.7112 0.9398) (end -0.7112 -0.9652) (layer F.SilkS) (width 0.254))
    (fp_line (start 0.6604 0.9398) (end 0.6604 -0.9652) (layer F.SilkS) (width 0.254))
    (fp_line (start -0.889 0.9398) (end -0.889 -0.9652) (layer F.SilkS) (width 0.254))
    (fp_line (start -0.7112 -0.9652) (end -0.889 -0.9652) (layer F.SilkS) (width 0.254))
    (fp_line (start -0.7112 0.9398) (end -0.889 0.9398) (layer F.SilkS) (width 0.254))
    (fp_line (start 0.508 -0.762) (end 0.508 0.762) (layer F.SilkS) (width 0.254))
    (fp_line (start 0.381 0.635) (end 0.381 -0.635) (layer F.SilkS) (width 0.254))
    (fp_line (start 0.254 -0.508) (end 0.254 0.635) (layer F.SilkS) (width 0.254))
    (fp_line (start 0.127 0.381) (end 0.127 -0.508) (layer F.SilkS) (width 0.254))
    (fp_line (start 0 0.381) (end 0 -0.381) (layer F.SilkS) (width 0.254))
    (fp_line (start -0.127 0.254) (end -0.127 -0.381) (layer F.SilkS) (width 0.254))
    (fp_line (start -0.254 0.127) (end -0.254 -0.254) (layer F.SilkS) (width 0.254))
    (pad 2 smd rect (at 1.9 0 90) (size 1 1.4) (layers F.Cu F.Paste F.Mask)
      (net 62 "Net-(D1-Pad2)") (solder_mask_margin 0.0508) (clearance 0.0508))
    (pad 1 smd rect (at -1.9 0 90) (size 1 1.4) (layers F.Cu F.Paste F.Mask)
      (net 1 +5V) (solder_mask_margin 0.0508) (clearance 0.0508))
    (model ${KIPRJMOD}/3d/SOD123.step
      (at (xyz 0 0 0))
      (scale (xyz 1 1 1))
      (rotate (xyz -90 0 -180))
    )
  )

  (module OLIMEX_IC-FP:SOT23-6 (layer F.Cu) (tedit 5FA9464F) (tstamp 5F216E4E)
    (at 144.145 104.775 270)
    (descr "ROTATED COUNTERCLOCKWISE 90 BY PENKO TO BA AS IS IN THE REAL REEL")
    (tags "ROTATED COUNTERCLOCKWISE 90 BY PENKO TO BA AS IS IN THE REAL REEL")
    (path /5F501BD8)
    (attr smd)
    (fp_text reference U2 (at -2.413 0.635) (layer F.SilkS)
      (effects (font (size 0.635 0.635) (thickness 0.15875)))
    )
    (fp_text value "MT3608(SOT23-6)" (at 0.254 3.175 90) (layer F.Fab)
      (effects (font (size 1.27 1.27) (thickness 0.254)))
    )
    (fp_circle (center 0.24892 0.92456) (end 0.36068 1.03632) (layer F.SilkS) (width 0.15))
    (fp_line (start -0.80772 -0.5207) (end -0.80772 -0.42672) (layer F.SilkS) (width 0.2032))
    (fp_line (start -0.80772 0.42672) (end -0.80772 0.5207) (layer F.SilkS) (width 0.2032))
    (fp_line (start 0.81026 -0.5207) (end 0.81026 -0.42672) (layer F.SilkS) (width 0.2032))
    (fp_line (start 0.81026 0.42672) (end 0.81026 0.5207) (layer F.SilkS) (width 0.2032))
    (fp_line (start -0.81026 1.4224) (end -0.81026 -1.4224) (layer Dwgs.User) (width 0.2032))
    (fp_line (start 0.81026 1.4224) (end -0.81026 1.4224) (layer F.SilkS) (width 0.2032))
    (fp_line (start 0.81026 -1.4224) (end 0.81026 1.4224) (layer Dwgs.User) (width 0.2032))
    (fp_line (start -0.81026 -1.4224) (end 0.81026 -1.4224) (layer F.SilkS) (width 0.2032))
    (fp_line (start -1.42494 0.32258) (end -1.42494 -0.32258) (layer Dwgs.User) (width 0.06604))
    (fp_line (start -1.42494 -0.32258) (end -0.92456 -0.32258) (layer Dwgs.User) (width 0.06604))
    (fp_line (start -0.92456 0.32258) (end -0.92456 -0.32258) (layer Dwgs.User) (width 0.06604))
    (fp_line (start -1.42494 0.32258) (end -0.92456 0.32258) (layer Dwgs.User) (width 0.06604))
    (fp_line (start -1.42494 1.27254) (end -1.42494 0.62484) (layer Dwgs.User) (width 0.06604))
    (fp_line (start -1.42494 0.62484) (end -0.92456 0.62484) (layer Dwgs.User) (width 0.06604))
    (fp_line (start -0.92456 1.27254) (end -0.92456 0.62484) (layer Dwgs.User) (width 0.06604))
    (fp_line (start -1.42494 1.27254) (end -0.92456 1.27254) (layer Dwgs.User) (width 0.06604))
    (fp_line (start -1.42494 -0.62484) (end -1.42494 -1.27254) (layer Dwgs.User) (width 0.06604))
    (fp_line (start -1.42494 -1.27254) (end -0.92456 -1.27254) (layer Dwgs.User) (width 0.06604))
    (fp_line (start -0.92456 -0.62484) (end -0.92456 -1.27254) (layer Dwgs.User) (width 0.06604))
    (fp_line (start -1.42494 -0.62484) (end -0.92456 -0.62484) (layer Dwgs.User) (width 0.06604))
    (fp_line (start 0.92456 -0.62484) (end 0.92456 -1.27254) (layer Dwgs.User) (width 0.06604))
    (fp_line (start 0.92456 -1.27254) (end 1.42494 -1.27254) (layer Dwgs.User) (width 0.06604))
    (fp_line (start 1.42494 -0.62484) (end 1.42494 -1.27254) (layer Dwgs.User) (width 0.06604))
    (fp_line (start 0.92456 -0.62484) (end 1.42494 -0.62484) (layer Dwgs.User) (width 0.06604))
    (fp_line (start 0.92456 0.32258) (end 0.92456 -0.32258) (layer Dwgs.User) (width 0.06604))
    (fp_line (start 0.92456 -0.32258) (end 1.42494 -0.32258) (layer Dwgs.User) (width 0.06604))
    (fp_line (start 1.42494 0.32258) (end 1.42494 -0.32258) (layer Dwgs.User) (width 0.06604))
    (fp_line (start 0.92456 0.32258) (end 1.42494 0.32258) (layer Dwgs.User) (width 0.06604))
    (fp_line (start 0.92456 1.27254) (end 0.92456 0.62484) (layer Dwgs.User) (width 0.06604))
    (fp_line (start 0.92456 0.62484) (end 1.42494 0.62484) (layer Dwgs.User) (width 0.06604))
    (fp_line (start 1.42494 1.27254) (end 1.42494 0.62484) (layer Dwgs.User) (width 0.06604))
    (fp_line (start 0.92456 1.27254) (end 1.42494 1.27254) (layer Dwgs.User) (width 0.06604))
    (fp_circle (center 1.27 1.524) (end 1.38176 1.63576) (layer F.SilkS) (width 0.15))
    (pad 6 smd rect (at -1.3001 0.95) (size 0.55 1.2) (layers F.Cu F.Paste F.Mask)
      (net 58 "Net-(U2-Pad6)") (solder_mask_margin 0.0508) (clearance 0.0508))
    (pad 5 smd rect (at -1.3001 0) (size 0.55 1.2) (layers F.Cu F.Paste F.Mask)
      (net 53 /Vin) (solder_mask_margin 0.0508) (clearance 0.0508))
    (pad 4 smd rect (at -1.3001 -0.95) (size 0.55 1.2) (layers F.Cu F.Paste F.Mask)
      (net 65 /USB-DRV-E) (solder_mask_margin 0.0508) (clearance 0.0508))
    (pad 3 smd rect (at 1.3001 -0.95) (size 0.55 1.2) (layers F.Cu F.Paste F.Mask)
      (net 57 "Net-(R3-Pad2)") (solder_mask_margin 0.0508) (clearance 0.0508))
    (pad 2 smd rect (at 1.3001 0) (size 0.55 1.2) (layers F.Cu F.Paste F.Mask)
      (net 2 GND) (solder_mask_margin 0.0508) (clearance 0.0508))
    (pad 1 smd rect (at 1.3001 0.95) (size 0.55 1.2) (layers F.Cu F.Paste F.Mask)
      (net 56 "Net-(D3-Pad2)") (solder_mask_margin 0.0508) (clearance 0.0508))
    (model ${KIPRJMOD}/3d/SOT-23-6.step
      (offset (xyz -1.3 0.95 0))
      (scale (xyz 1 1.4 1))
      (rotate (xyz 0 0 90))
    )
  )

  (module OLIMEX_Connectors-FP:HN1x21 (layer B.Cu) (tedit 5EA2960D) (tstamp 5EA997B0)
    (at 156.21 92.71 270)
    (path /5F548596)
    (solder_mask_margin 0.0508)
    (solder_paste_margin -0.0508)
    (attr smd)
    (fp_text reference EXT2 (at -23.368 8.509 270 unlocked) (layer B.SilkS)
      (effects (font (size 1.27 1.27) (thickness 0.254)) (justify mirror))
    )
    (fp_text value HN1x21 (at -23.622 2.286 90) (layer B.Fab)
      (effects (font (size 1.27 1.27) (thickness 0.254)) (justify mirror))
    )
    (fp_line (start 14.224 -1.27) (end 13.97 -1.016) (layer B.SilkS) (width 0.254))
    (fp_line (start 13.97 1.016) (end 14.224 1.27) (layer B.SilkS) (width 0.254))
    (fp_line (start 14.224 1.27) (end 16.256 1.27) (layer B.SilkS) (width 0.254))
    (fp_line (start 18.796 1.27) (end 19.05 1.016) (layer B.SilkS) (width 0.254))
    (fp_line (start 16.256 -1.27) (end 14.224 -1.27) (layer B.SilkS) (width 0.254))
    (fp_line (start 19.05 -1.016) (end 18.796 -1.27) (layer B.SilkS) (width 0.254))
    (fp_line (start 16.764 1.27) (end 18.796 1.27) (layer B.SilkS) (width 0.254))
    (fp_line (start 16.51 1.016) (end 16.764 1.27) (layer B.SilkS) (width 0.254))
    (fp_line (start 18.796 -1.27) (end 16.764 -1.27) (layer B.SilkS) (width 0.254))
    (fp_line (start 16.51 -1.016) (end 16.256 -1.27) (layer B.SilkS) (width 0.254))
    (fp_line (start 16.764 -1.27) (end 16.51 -1.016) (layer B.SilkS) (width 0.254))
    (fp_line (start 16.256 1.27) (end 16.51 1.016) (layer B.SilkS) (width 0.254))
    (fp_line (start 18.796 1.27) (end 19.05 1.016) (layer B.SilkS) (width 0.254))
    (fp_line (start 19.05 -1.016) (end 18.796 -1.27) (layer B.SilkS) (width 0.254))
    (fp_line (start 18.796 -1.27) (end 16.764 -1.27) (layer B.SilkS) (width 0.254))
    (fp_line (start 16.764 1.27) (end 18.796 1.27) (layer B.SilkS) (width 0.254))
    (fp_line (start 16.51 1.016) (end 16.764 1.27) (layer B.SilkS) (width 0.254))
    (fp_line (start 16.764 -1.27) (end 16.51 -1.016) (layer B.SilkS) (width 0.254))
    (fp_line (start 21.844 -1.27) (end 21.59 -1.016) (layer B.SilkS) (width 0.254))
    (fp_line (start 21.59 1.016) (end 21.844 1.27) (layer B.SilkS) (width 0.254))
    (fp_line (start 21.844 1.27) (end 23.876 1.27) (layer B.SilkS) (width 0.254))
    (fp_line (start 23.876 -1.27) (end 21.844 -1.27) (layer B.SilkS) (width 0.254))
    (fp_line (start 24.13 -1.016) (end 23.876 -1.27) (layer B.SilkS) (width 0.254))
    (fp_line (start 23.876 1.27) (end 24.13 1.016) (layer B.SilkS) (width 0.254))
    (fp_line (start 21.336 1.27) (end 21.59 1.016) (layer B.SilkS) (width 0.254))
    (fp_line (start 21.844 -1.27) (end 21.59 -1.016) (layer B.SilkS) (width 0.254))
    (fp_line (start 21.59 -1.016) (end 21.336 -1.27) (layer B.SilkS) (width 0.254))
    (fp_line (start 23.876 -1.27) (end 21.844 -1.27) (layer B.SilkS) (width 0.254))
    (fp_line (start 21.59 1.016) (end 21.844 1.27) (layer B.SilkS) (width 0.254))
    (fp_line (start 21.844 1.27) (end 23.876 1.27) (layer B.SilkS) (width 0.254))
    (fp_line (start 24.13 -1.016) (end 23.876 -1.27) (layer B.SilkS) (width 0.254))
    (fp_line (start 21.336 -1.27) (end 19.304 -1.27) (layer B.SilkS) (width 0.254))
    (fp_line (start 23.876 1.27) (end 24.13 1.016) (layer B.SilkS) (width 0.254))
    (fp_line (start 19.304 1.27) (end 21.336 1.27) (layer B.SilkS) (width 0.254))
    (fp_line (start 19.05 1.016) (end 19.304 1.27) (layer B.SilkS) (width 0.254))
    (fp_line (start 19.304 -1.27) (end 19.05 -1.016) (layer B.SilkS) (width 0.254))
    (fp_line (start 9.144 -1.27) (end 8.89 -1.016) (layer B.SilkS) (width 0.254))
    (fp_line (start 8.89 1.016) (end 9.144 1.27) (layer B.SilkS) (width 0.254))
    (fp_line (start 9.144 1.27) (end 11.176 1.27) (layer B.SilkS) (width 0.254))
    (fp_line (start 13.716 1.27) (end 13.97 1.016) (layer B.SilkS) (width 0.254))
    (fp_line (start 11.176 -1.27) (end 9.144 -1.27) (layer B.SilkS) (width 0.254))
    (fp_line (start 13.97 -1.016) (end 13.716 -1.27) (layer B.SilkS) (width 0.254))
    (fp_line (start 11.684 1.27) (end 13.716 1.27) (layer B.SilkS) (width 0.254))
    (fp_line (start 11.43 1.016) (end 11.684 1.27) (layer B.SilkS) (width 0.254))
    (fp_line (start 13.716 -1.27) (end 11.684 -1.27) (layer B.SilkS) (width 0.254))
    (fp_line (start 11.43 -1.016) (end 11.176 -1.27) (layer B.SilkS) (width 0.254))
    (fp_line (start 11.684 -1.27) (end 11.43 -1.016) (layer B.SilkS) (width 0.254))
    (fp_line (start 11.176 1.27) (end 11.43 1.016) (layer B.SilkS) (width 0.254))
    (fp_line (start 13.716 1.27) (end 13.97 1.016) (layer B.SilkS) (width 0.254))
    (fp_line (start 13.97 -1.016) (end 13.716 -1.27) (layer B.SilkS) (width 0.254))
    (fp_line (start 13.716 -1.27) (end 11.684 -1.27) (layer B.SilkS) (width 0.254))
    (fp_line (start 11.684 1.27) (end 13.716 1.27) (layer B.SilkS) (width 0.254))
    (fp_line (start 11.43 1.016) (end 11.684 1.27) (layer B.SilkS) (width 0.254))
    (fp_line (start 11.684 -1.27) (end 11.43 -1.016) (layer B.SilkS) (width 0.254))
    (fp_line (start 6.604 -1.27) (end 6.35 -1.016) (layer B.SilkS) (width 0.254))
    (fp_line (start 6.35 1.016) (end 6.604 1.27) (layer B.SilkS) (width 0.254))
    (fp_line (start 6.604 1.27) (end 8.636 1.27) (layer B.SilkS) (width 0.254))
    (fp_line (start 8.636 -1.27) (end 6.604 -1.27) (layer B.SilkS) (width 0.254))
    (fp_line (start 8.89 -1.016) (end 8.636 -1.27) (layer B.SilkS) (width 0.254))
    (fp_line (start 8.636 1.27) (end 8.89 1.016) (layer B.SilkS) (width 0.254))
    (fp_line (start 6.096 1.27) (end 6.35 1.016) (layer B.SilkS) (width 0.254))
    (fp_line (start 6.604 -1.27) (end 6.35 -1.016) (layer B.SilkS) (width 0.254))
    (fp_line (start 6.35 -1.016) (end 6.096 -1.27) (layer B.SilkS) (width 0.254))
    (fp_line (start 8.636 -1.27) (end 6.604 -1.27) (layer B.SilkS) (width 0.254))
    (fp_line (start 6.35 1.016) (end 6.604 1.27) (layer B.SilkS) (width 0.254))
    (fp_line (start 6.604 1.27) (end 8.636 1.27) (layer B.SilkS) (width 0.254))
    (fp_line (start 8.89 -1.016) (end 8.636 -1.27) (layer B.SilkS) (width 0.254))
    (fp_line (start 6.096 -1.27) (end 4.064 -1.27) (layer B.SilkS) (width 0.254))
    (fp_line (start 8.636 1.27) (end 8.89 1.016) (layer B.SilkS) (width 0.254))
    (fp_line (start 4.064 1.27) (end 6.096 1.27) (layer B.SilkS) (width 0.254))
    (fp_line (start 3.81 1.016) (end 4.064 1.27) (layer B.SilkS) (width 0.254))
    (fp_line (start 4.064 -1.27) (end 3.81 -1.016) (layer B.SilkS) (width 0.254))
    (fp_line (start -1.016 -1.27) (end -1.27 -1.016) (layer B.SilkS) (width 0.254))
    (fp_line (start -1.27 1.016) (end -1.016 1.27) (layer B.SilkS) (width 0.254))
    (fp_line (start -1.016 1.27) (end 1.016 1.27) (layer B.SilkS) (width 0.254))
    (fp_line (start 3.556 1.27) (end 3.81 1.016) (layer B.SilkS) (width 0.254))
    (fp_line (start 1.016 -1.27) (end -1.016 -1.27) (layer B.SilkS) (width 0.254))
    (fp_line (start 3.81 -1.016) (end 3.556 -1.27) (layer B.SilkS) (width 0.254))
    (fp_line (start 1.524 1.27) (end 3.556 1.27) (layer B.SilkS) (width 0.254))
    (fp_line (start 1.27 1.016) (end 1.524 1.27) (layer B.SilkS) (width 0.254))
    (fp_line (start 3.556 -1.27) (end 1.524 -1.27) (layer B.SilkS) (width 0.254))
    (fp_line (start 1.27 -1.016) (end 1.016 -1.27) (layer B.SilkS) (width 0.254))
    (fp_line (start 1.524 -1.27) (end 1.27 -1.016) (layer B.SilkS) (width 0.254))
    (fp_line (start 1.016 1.27) (end 1.27 1.016) (layer B.SilkS) (width 0.254))
    (fp_line (start 3.556 1.27) (end 3.81 1.016) (layer B.SilkS) (width 0.254))
    (fp_line (start 3.81 -1.016) (end 3.556 -1.27) (layer B.SilkS) (width 0.254))
    (fp_line (start 3.556 -1.27) (end 1.524 -1.27) (layer B.SilkS) (width 0.254))
    (fp_line (start 1.524 1.27) (end 3.556 1.27) (layer B.SilkS) (width 0.254))
    (fp_line (start 1.27 1.016) (end 1.524 1.27) (layer B.SilkS) (width 0.254))
    (fp_line (start 1.524 -1.27) (end 1.27 -1.016) (layer B.SilkS) (width 0.254))
    (fp_line (start -3.556 -1.27) (end -3.81 -1.016) (layer B.SilkS) (width 0.254))
    (fp_line (start -3.81 1.016) (end -3.556 1.27) (layer B.SilkS) (width 0.254))
    (fp_line (start -3.556 1.27) (end -1.524 1.27) (layer B.SilkS) (width 0.254))
    (fp_line (start -1.524 -1.27) (end -3.556 -1.27) (layer B.SilkS) (width 0.254))
    (fp_line (start -1.27 -1.016) (end -1.524 -1.27) (layer B.SilkS) (width 0.254))
    (fp_line (start -1.524 1.27) (end -1.27 1.016) (layer B.SilkS) (width 0.254))
    (fp_line (start -4.064 1.27) (end -3.81 1.016) (layer B.SilkS) (width 0.254))
    (fp_line (start -3.556 -1.27) (end -3.81 -1.016) (layer B.SilkS) (width 0.254))
    (fp_line (start -3.81 -1.016) (end -4.064 -1.27) (layer B.SilkS) (width 0.254))
    (fp_line (start -1.524 -1.27) (end -3.556 -1.27) (layer B.SilkS) (width 0.254))
    (fp_line (start -3.81 1.016) (end -3.556 1.27) (layer B.SilkS) (width 0.254))
    (fp_line (start -3.556 1.27) (end -1.524 1.27) (layer B.SilkS) (width 0.254))
    (fp_line (start -1.27 -1.016) (end -1.524 -1.27) (layer B.SilkS) (width 0.254))
    (fp_line (start -4.064 -1.27) (end -6.096 -1.27) (layer B.SilkS) (width 0.254))
    (fp_line (start -1.524 1.27) (end -1.27 1.016) (layer B.SilkS) (width 0.254))
    (fp_line (start -6.096 1.27) (end -4.064 1.27) (layer B.SilkS) (width 0.254))
    (fp_line (start -6.35 1.016) (end -6.096 1.27) (layer B.SilkS) (width 0.254))
    (fp_line (start -6.096 -1.27) (end -6.35 -1.016) (layer B.SilkS) (width 0.254))
    (fp_line (start -11.176 -1.27) (end -11.43 -1.016) (layer B.SilkS) (width 0.254))
    (fp_line (start -11.43 1.016) (end -11.176 1.27) (layer B.SilkS) (width 0.254))
    (fp_line (start -11.176 1.27) (end -9.144 1.27) (layer B.SilkS) (width 0.254))
    (fp_line (start -6.604 1.27) (end -6.35 1.016) (layer B.SilkS) (width 0.254))
    (fp_line (start -9.144 -1.27) (end -11.176 -1.27) (layer B.SilkS) (width 0.254))
    (fp_line (start -6.35 -1.016) (end -6.604 -1.27) (layer B.SilkS) (width 0.254))
    (fp_line (start -8.636 1.27) (end -6.604 1.27) (layer B.SilkS) (width 0.254))
    (fp_line (start -8.89 1.016) (end -8.636 1.27) (layer B.SilkS) (width 0.254))
    (fp_line (start -6.604 -1.27) (end -8.636 -1.27) (layer B.SilkS) (width 0.254))
    (fp_line (start -8.89 -1.016) (end -9.144 -1.27) (layer B.SilkS) (width 0.254))
    (fp_line (start -8.636 -1.27) (end -8.89 -1.016) (layer B.SilkS) (width 0.254))
    (fp_line (start -9.144 1.27) (end -8.89 1.016) (layer B.SilkS) (width 0.254))
    (fp_line (start -6.604 1.27) (end -6.35 1.016) (layer B.SilkS) (width 0.254))
    (fp_line (start -6.35 -1.016) (end -6.604 -1.27) (layer B.SilkS) (width 0.254))
    (fp_line (start -6.604 -1.27) (end -8.636 -1.27) (layer B.SilkS) (width 0.254))
    (fp_line (start -8.636 1.27) (end -6.604 1.27) (layer B.SilkS) (width 0.254))
    (fp_line (start -8.89 1.016) (end -8.636 1.27) (layer B.SilkS) (width 0.254))
    (fp_line (start -8.636 -1.27) (end -8.89 -1.016) (layer B.SilkS) (width 0.254))
    (fp_line (start -13.716 -1.27) (end -13.97 -1.016) (layer B.SilkS) (width 0.254))
    (fp_line (start -13.97 1.016) (end -13.716 1.27) (layer B.SilkS) (width 0.254))
    (fp_line (start -13.716 1.27) (end -11.684 1.27) (layer B.SilkS) (width 0.254))
    (fp_line (start -11.684 -1.27) (end -13.716 -1.27) (layer B.SilkS) (width 0.254))
    (fp_line (start -11.43 -1.016) (end -11.684 -1.27) (layer B.SilkS) (width 0.254))
    (fp_line (start -11.684 1.27) (end -11.43 1.016) (layer B.SilkS) (width 0.254))
    (fp_line (start -14.224 1.27) (end -13.97 1.016) (layer B.SilkS) (width 0.254))
    (fp_line (start -13.716 -1.27) (end -13.97 -1.016) (layer B.SilkS) (width 0.254))
    (fp_line (start -13.97 -1.016) (end -14.224 -1.27) (layer B.SilkS) (width 0.254))
    (fp_line (start -11.684 -1.27) (end -13.716 -1.27) (layer B.SilkS) (width 0.254))
    (fp_line (start -13.97 1.016) (end -13.716 1.27) (layer B.SilkS) (width 0.254))
    (fp_line (start -13.716 1.27) (end -11.684 1.27) (layer B.SilkS) (width 0.254))
    (fp_line (start -11.43 -1.016) (end -11.684 -1.27) (layer B.SilkS) (width 0.254))
    (fp_line (start -18.796 -1.27) (end -19.05 -1.016) (layer B.SilkS) (width 0.254))
    (fp_line (start -14.224 -1.27) (end -16.256 -1.27) (layer B.SilkS) (width 0.254))
    (fp_line (start -11.684 1.27) (end -11.43 1.016) (layer B.SilkS) (width 0.254))
    (fp_line (start -16.256 1.27) (end -14.224 1.27) (layer B.SilkS) (width 0.254))
    (fp_line (start -16.51 1.016) (end -16.256 1.27) (layer B.SilkS) (width 0.254))
    (fp_line (start -26.67 1.27) (end -26.416 1.27) (layer B.SilkS) (width 0.254))
    (fp_line (start -26.416 1.27) (end -24.384 1.27) (layer B.SilkS) (width 0.254))
    (fp_line (start -24.384 1.27) (end -24.13 1.016) (layer B.SilkS) (width 0.254))
    (fp_line (start -24.13 1.016) (end -23.876 1.27) (layer B.SilkS) (width 0.254))
    (fp_line (start -23.876 1.27) (end -21.844 1.27) (layer B.SilkS) (width 0.254))
    (fp_line (start -21.844 1.27) (end -21.59 1.016) (layer B.SilkS) (width 0.254))
    (fp_line (start -21.59 1.016) (end -21.336 1.27) (layer B.SilkS) (width 0.254))
    (fp_line (start -21.336 1.27) (end -19.304 1.27) (layer B.SilkS) (width 0.254))
    (fp_line (start -19.304 1.27) (end -19.05 1.016) (layer B.SilkS) (width 0.254))
    (fp_line (start -19.05 1.016) (end -18.796 1.27) (layer B.SilkS) (width 0.254))
    (fp_line (start -18.796 1.27) (end -16.764 1.27) (layer B.SilkS) (width 0.254))
    (fp_line (start -16.764 1.27) (end -16.51 1.016) (layer B.SilkS) (width 0.254))
    (fp_line (start -16.51 -1.016) (end -16.764 -1.27) (layer B.SilkS) (width 0.254))
    (fp_line (start -16.764 -1.27) (end -18.796 -1.27) (layer B.SilkS) (width 0.254))
    (fp_line (start -16.256 -1.27) (end -16.51 -1.016) (layer B.SilkS) (width 0.254))
    (fp_line (start -19.05 -1.016) (end -19.304 -1.27) (layer B.SilkS) (width 0.254))
    (fp_line (start -19.304 -1.27) (end -21.336 -1.27) (layer B.SilkS) (width 0.254))
    (fp_line (start -26.67 1.016) (end -26.416 1.27) (layer B.SilkS) (width 0.254))
    (fp_line (start -26.416 -1.27) (end -26.67 -1.016) (layer B.SilkS) (width 0.254))
    (fp_line (start -26.162 -1.27) (end -26.67 -1.27) (layer B.SilkS) (width 0.254))
    (fp_line (start -21.844 -1.27) (end -23.876 -1.27) (layer B.SilkS) (width 0.254))
    (fp_line (start -23.876 -1.27) (end -24.13 -1.016) (layer B.SilkS) (width 0.254))
    (fp_line (start -24.13 -1.016) (end -24.384 -1.27) (layer B.SilkS) (width 0.254))
    (fp_line (start -24.384 -1.27) (end -26.162 -1.27) (layer B.SilkS) (width 0.254))
    (fp_line (start -21.844 -1.27) (end -21.59 -1.016) (layer B.SilkS) (width 0.254))
    (fp_line (start -21.59 -1.016) (end -21.336 -1.27) (layer B.SilkS) (width 0.254))
    (fp_line (start -26.67 1.27) (end -26.67 -1.27) (layer B.SilkS) (width 0.254))
    (fp_line (start 24.384 1.27) (end 26.416 1.27) (layer B.SilkS) (width 0.254))
    (fp_line (start 26.416 -1.27) (end 24.384 -1.27) (layer B.SilkS) (width 0.254))
    (fp_line (start 26.416 1.27) (end 26.67 1.016) (layer B.SilkS) (width 0.254))
    (fp_line (start 24.13 1.016) (end 24.384 1.27) (layer B.SilkS) (width 0.254))
    (fp_line (start 24.384 -1.27) (end 24.13 -1.016) (layer B.SilkS) (width 0.254))
    (fp_line (start 24.384 1.27) (end 26.416 1.27) (layer B.SilkS) (width 0.254))
    (fp_line (start 26.67 -1.016) (end 26.416 -1.27) (layer B.SilkS) (width 0.254))
    (fp_line (start 26.416 -1.27) (end 24.384 -1.27) (layer B.SilkS) (width 0.254))
